-55 63.225
-50 45.46
-45 33.07
-40 24.324
-35 18.081
-30 13.575
-25 10.29
-20 7.8716
-15 6.0739
-10 4.7258
-5 3.7062
0 2.9287
5 2.3311
10 1.8684
15 1.5075
20 1.224
25 1.000
30 0.82176
35 0.67909
40 0.56422
45 0.47122
50 0.3955
55 0.33355
60 0.2826
65 0.24049
70 0.20553
75 0.17637
80 0.15195
85 0.13141
90 0.11406
95 0.099352
100 0.086837
105 0.076149
110 0.066989
115 0.059112
120 0.052316
125 0.046433
130 0.041327
135 0.03688
140 0.032998
145 0.029598
150 0.026612
155 0.023984
160 0.021665
165 0.019613
170 0.017793
175 0.016176
180 0.014735
185 0.013448
190 0.012297
195 0.011265
200 0.010338
205 0.009504
210 0.0087516
215 0.0080718
220 0.0074567
225 0.0068989
230 0.0063925
235 0.0059318
240 0.005512
245 0.005129
250 0.004779
255 0.0044586
260 0.004165
265 0.0038955
270 0.0036478
275 0.0034199
280 0.0032098
285 0.003016
290 0.002837
295 0.0026714
300 0.002518
